931c6a  10  30
d0ad0b  20  30
c16557  18  50
bd5b7c  28  58
d4a1ca  13  30
f69ae0  12  30
800134  23  47
e69ad5  11  34
766175  22  35
c56568  22  29
efd229  20  33
e4b841  23  34
bd862f  10  33
f7069c  12  46
c0916e  15  33
917f3b  14  45
ed2883  19  51
95515d  21  31
d067bc  17  54
f7ecd6  13  37
e23d82  29  56
de2806  19  35
b4302b  17  40
fc0765  13  35
eb7e6f  28  34
f134e9  17  46
b32401  17  42
8c092b  18  39
e47fc9  21  30
ec1f75  18  35
cac73d  21  42
a49b72  24  51
e52236  19  46
cd0e94  23  58
e572bc  10  30
cb283e  18  55
ce1dca  12  53
fe4297  22  53
d47692  15  35
a06362  24  48
e7482c  16  46
ad2279  18  57
ce7731  26  56
f0df60  24  54
b71bfd  23  49
0f59c2  18  51
835fb0  21  58
0e1fdc  14  40
a0ca1b  15  48
509ce6  15  54
9ca5b2  18  44
c339ea  21  58
004164  15  33
7e5bee  23  56
1f7532  16  56
952e99  27  48
3470dd  19  55
594196  25  40
38fbf4  15  43
a9c3e8  11  49
1cdec9  13  47
acb2ec  29  29
2ae7f8  10  31
442489  11  29
d2f3a6  26  57
333675  19  31
0f5e9a  29  44
73469c  24  52
6c6dbe  17  55
0c4c91  22  57
2e91dc  21  41
819fa5  11  48
5266ae  26  33
5fdf7f  24  51
15a4d9  26  45
3f29c4  12  54
269f39  23  54
1f620a  10  45
4ca036  20  50
a2af11  20  37
b5ebdc  20  52
505300  23  36
b5ed95  25  36
487e53  17  30
7fa978  16  49
cdf64d  22  46
bec9b2  17  35
b5f6f1  20  58
c4e16f  27  41
06f6cc  13  42
61d279  16  53
60d634  28  35
10fc42  19  48
4edd5e  11  57
39925c  21  40
696c21  15  36
509a8f  21  37
0a8343  23  29
317857  20  52
1cba01  28  46
2de1c0  21  37
1ba343  20  43
91d280  18  52
7edb70  15  44
1a3523  23  39
2be560  24  35
3ef13c  22  41
54ba2a  22  36
25c38a  28  36
60e9c0  27  46
a8db98  10  52
27a94f  20  43


c16557  18  50
bd5b7c  28  58
d4a1ca  13  30
f69ae0  12  30
800134  23  47
e69ad5  11  34
766175  22  35
c56568  22  29
efd229  20  33
e4b841  23  34
bd862f  10  33
f7069c  12  46
c0916e  15  33
917f3b  14  45
ed2883  19  51
95515d  21  31
d067bc  17  54
f7ecd6  13  37
e23d82  29  56
de2806  19  35
b4302b  17  40
fc0765  13  35
eb7e6f  28  34
f134e9  17  46
b32401  17  42
8c092b  18  39
e47fc9  21  30
ec1f75  18  35
cac73d  21  42
a49b72  24  51
e52236  19  46
cd0e94  23  58
e572bc  10  30
cb283e  18  55
ce1dca  12  53
fe4297  22  53
d47692  15  35
a06362  24  48
e7482c  16  46
ad2279  18  57
ce7731  26  56
f0df60  24  54
b71bfd  23  49
0f59c2  18  51
835fb0  21  58
0e1fdc  14  40
a0ca1b  15  48
509ce6  15  54
9ca5b2  18  44
c339ea  21  58
004164  15  33
7e5bee  23  56
1f7532  16  56
952e99  27  48
594196  25  40
38fbf4  15  43
a9c3e8  11  49
1cdec9  13  47
acb2ec  29  29
2ae7f8  10  31
442489  11  29
d2f3a6  26  57
333675  19  31
0f5e9a  29  44
73469c  24  52
6c6dbe  17  55
0c4c91  22  57
2e91dc  21  41
819fa5  11  48
5266ae  26  33
5fdf7f  24  51
15a4d9  26  45
3f29c4  12  54
269f39  23  54
1f620a  10  45
4ca036  20  50
a2af11  20  37
b5ebdc  20  52
505300  23  36
b5ed95  25  36
487e53  17  30
7fa978  16  49
cdf64d  22  46
bec9b2  17  35
b5f6f1  20  58
c4e16f  27  41
06f6cc  13  42
61d279  16  53
60d634  28  35
10fc42  19  48
4edd5e  11  57
39925c  21  40
696c21  15  36
509a8f  21  37
0a8343  23  29
317857  20  52
1cba01  28  46
2de1c0  21  37
1ba343  20  43
91d280  18  52
7edb70  15  44
1a3523  23  39
2be560  24  35
3ef13c  22  41
54ba2a  22  36
25c38a  28  36
60e9c0  27  46
a8db98  10  52
27a94f  20  43


27a94f  20  43
a8db98  10  52
60e9c0  27  46
25c38a  28  36
54ba2a  22  36
3ef13c  22  41
2be560  24  35
1a3523  23  39
7edb70  15  44
91d280  18  52
1ba343  20  43
2de1c0  21  37
1cba01  28  46
317857  20  52
0a8343  23  29
509a8f  21  37
696c21  15  36
39925c  21  40
4edd5e  11  57
10fc42  19  48
60d634  28  35
61d279  16  53
06f6cc  13  42
c4e16f  27  41
b5f6f1  20  58
bec9b2  17  35
cdf64d  22  46
7fa978  16  49
487e53  17  30
b5ed95  25  36
505300  23  36
b5ebdc  20  52
a2af11  20  37
4ca036  20  50
1f620a  10  45
269f39  23  54
3f29c4  12  54
15a4d9  26  45
5fdf7f  24  51
a409cd  25  52
5266ae  26  33
819fa5  11  48
2e91dc  21  41
0c4c91  22  57
6c6dbe  17  55
73469c  24  52
0f5e9a  29  44
0d75bd  12  54
502f64  21  31
333675  19  31
d2f3a6  26  57
4dc9cf  11  45
301bb9  28  33
406488  14  43
c32ddd  16  44
46c5dd  23  32
453990  11  57
20b1cd  17  29
090d24  24  39
442489  11  29
2ae7f8  10  31
c735f9  27  50
ceb3dd  12  41
acb2ec  29  29
1cdec9  13  47
5f7edf  17  44
7a3bda  18  40
a9c3e8  11  49
38fbf4  15  43
594196  25  40
67cbea  14  37
1e15b9  14  43
7114c4  18  31
3470dd  19  55
952e99  27  48
1f7532  16  56
8a7a99  12  56
1c054e  10  42
29a1ab  21  56
7e5bee  23  56
004164  15  33
c339ea  21  58
487ceb  24  45
9ca5b2  18  44
509ce6  15  54
a0ca1b  15  48
42d6fa  20  37
23b873  27  35
0e1fdc  14  40
835fb0  21  58
3ebfe7  21  44
fbc454  12  35
0f59c2  18  51
b71bfd  23  49
f0df60  24  54
ce7731  26  56
ad2279  18  57
e7482c  16  46
a06362  24  48
d47692  15  35
fe4297  22  53
ce1dca  12  53
cb283e  18  55
e572bc  10  30
cd0e94  23  58
e52236  19  46
a49b72  24  51
cac73d  21  42
ec1f75  18  35
e47fc9  21  30
8c092b  18  39
b32401  17  42
f134e9  17  46
eb7e6f  28  34
fc0765  13  35
b4302b  17  40
de2806  19  35
e23d82  29  56
f7ecd6  13  37
d067bc  17  54
95515d  21  31
ed2883  19  51
917f3b  14  45
c0916e  15  33
f7069c  12  46
bd862f  10  33
e4b841  23  34
efd229  20  33
c56568  22  29
766175  22  35
e69ad5  11  34
800134  23  47
f69ae0  12  30
d4a1ca  13  30
bd5b7c  28  58
c16557  18  50
d0ad0b  20  30
931c6a  10  30


931c6a  10  30
27a94f  20  43
d0ad0b  20  30
a8db98  10  52
c16557  18  50
60e9c0  27  46
bd5b7c  28  58
25c38a  28  36
d4a1ca  13  30
54ba2a  22  36
f69ae0  12  30
3ef13c  22  41
800134  23  47
2be560  24  35
e69ad5  11  34
1a3523  23  39
766175  22  35
7edb70  15  44
c56568  22  29
91d280  18  52
efd229  20  33
1ba343  20  43
e4b841  23  34
2de1c0  21  37
bd862f  10  33
1cba01  28  46
f7069c  12  46
317857  20  52
c0916e  15  33
0a8343  23  29
917f3b  14  45
509a8f  21  37
ed2883  19  51
696c21  15  36
95515d  21  31
39925c  21  40
d067bc  17  54
4edd5e  11  57
f7ecd6  13  37
10fc42  19  48
e23d82  29  56
60d634  28  35
de2806  19  35
61d279  16  53
b4302b  17  40
06f6cc  13  42
fc0765  13  35
c4e16f  27  41
eb7e6f  28  34
b5f6f1  20  58
f134e9  17  46
bec9b2  17  35
b32401  17  42
cdf64d  22  46
8c092b  18  39
7fa978  16  49
e47fc9  21  30
487e53  17  30
ec1f75  18  35
b5ed95  25  36
cac73d  21  42
505300  23  36
a49b72  24  51
b5ebdc  20  52
e52236  19  46
a2af11  20  37
cd0e94  23  58
4ca036  20  50
e572bc  10  30
1f620a  10  45
cb283e  18  55
269f39  23  54
ce1dca  12  53
3f29c4  12  54
fe4297  22  53
15a4d9  26  45
d47692  15  35
5fdf7f  24  51
a06362  24  48
a409cd  25  52
e7482c  16  46
5266ae  26  33
ad2279  18  57
819fa5  11  48
ce7731  26  56
2e91dc  21  41
f0df60  24  54
0c4c91  22  57
b71bfd  23  49
6c6dbe  17  55
0f59c2  18  51
73469c  24  52
835fb0  21  58
0f5e9a  29  44
0e1fdc  14  40
0d75bd  12  54
a0ca1b  15  48
502f64  21  31
509ce6  15  54
333675  19  31
9ca5b2  18  44
d2f3a6  26  57
c339ea  21  58
4dc9cf  11  45
004164  15  33
301bb9  28  33
7e5bee  23  56
406488  14  43
1f7532  16  56
c32ddd  16  44
952e99  27  48
46c5dd  23  32
3470dd  19  55
453990  11  57
594196  25  40
20b1cd  17  29
38fbf4  15  43
090d24  24  39
a9c3e8  11  49
442489  11  29
1cdec9  13  47
2ae7f8  10  31
acb2ec  29  29
c735f9  27  50
cfa290  10  31


27a94f  20  43
a8db98  10  52
60e9c0  27  46
25c38a  28  36
54ba2a  22  36
3ef13c  22  41
2be560  24  35
1a3523  23  39
7edb70  15  44
91d280  18  52
1ba343  20  43
2de1c0  21  37
1cba01  28  46
317857  20  52
0a8343  23  29
509a8f  21  37
696c21  15  36
39925c  21  40
4edd5e  11  57
10fc42  19  48
60d634  28  35
61d279  16  53
06f6cc  13  42
c4e16f  27  41
b5f6f1  20  58
bec9b2  17  35
cdf64d  22  46
7fa978  16  49
487e53  17  30
b5ed95  25  36
505300  23  36
b5ebdc  20  52
a2af11  20  37
4ca036  20  50
1f620a  10  45
269f39  23  54
3f29c4  12  54
15a4d9  26  45
5fdf7f  24  51
5266ae  26  33
819fa5  11  48
2e91dc  21  41
0c4c91  22  57
6c6dbe  17  55
73469c  24  52
0f5e9a  29  44
333675  19  31
d2f3a6  26  57
442489  11  29
2ae7f8  10  31
acb2ec  29  29
1cdec9  13  47
a9c3e8  11  49
38fbf4  15  43
594196  25  40
952e99  27  48
1f7532  16  56
7e5bee  23  56
004164  15  33
c339ea  21  58
9ca5b2  18  44
509ce6  15  54
a0ca1b  15  48
0e1fdc  14  40
835fb0  21  58
0f59c2  18  51
b71bfd  23  49
f0df60  24  54
ce7731  26  56
ad2279  18  57
e7482c  16  46
a06362  24  48
d47692  15  35
fe4297  22  53
ce1dca  12  53
cb283e  18  55
e572bc  10  30
cd0e94  23  58
e52236  19  46
a49b72  24  51
cac73d  21  42
ec1f75  18  35
e47fc9  21  30
8c092b  18  39
b32401  17  42
f134e9  17  46
eb7e6f  28  34
fc0765  13  35
b4302b  17  40
de2806  19  35
e23d82  29  56
f7ecd6  13  37
d067bc  17  54
95515d  21  31
ed2883  19  51
917f3b  14  45
c0916e  15  33
f7069c  12  46
bd862f  10  33
e4b841  23  34
efd229  20  33
c56568  22  29
766175  22  35
e69ad5  11  34
800134  23  47
f69ae0  12  30
d4a1ca  13  30
bd5b7c  28  58
c16557  18  50
