Script started on Thu 07 Sep 2017 12:09:49 PM EDT
jfeige@odd25:~/2401/Labs/lab2$ ./.[Ka,[K.out
Please enter the name of your number file.
larger.dat
16839
5759
10114
17516
31052
5628
23011
7420
16213
4087
2750
12768
9085
12061
32226
17544
25090
21184
25138
25567
26967
4979
20496
10312
11368
30055
17032
13146
19883
25737
30525
28506
28395
22103
24852
19068
12755
11654
6562
27097
13629
15189
32086
4144
6968
31407
24166
13404
25563
24835
31354
921
10445
24804
7963
19319
1423
31328
10458
1946
14480
29984
18752
3895
18671
8260
16249
7758
15630
13307
28607
13991
11739
12517
1415
5263
17117
22826
3182
13135
25344
8023
11234
7537
9761
9980
29072
1202
21337
13062
22161
24006
30730
7645
27476
31694
25515
Please enter three numbers to add to the list.
106
237
45701

106
237
921
1202
1415
1423
1946
2750
3182
3895
4087
4144
4979
5263
5628
5759
6562
6968
7420
7537
7645
7758
7963
8023
8260
9085
9761
9980
10114
10312
10445
10458
11234
11368
11654
11739
12061
12517
12755
12768
13062
13135
13146
13307
13404
13629
13991
14480
15189
15630
16213
16249
16839
17032
17117
17516
17544
18671
18752
19068
19319
19883
20496
21184
21337
22103
22161
22826
23011
24006
24166
24804
24835
24852
25090
25138
25344
25515
25563
25567
25737
26967
27097
27476
28395
28506
28607
29072
29984
30055
30525
30730
31052
31328
31354
31407
31694
32086
32226
45701
jfeige@odd25:~/2401/Labs/lab2$ exit

Script done on Thu 07 Sep 2017 12:10:58 PM EDT
